true_class,front,roundhouse,axe
front,83,12,19
roundhouse,18,52,5
axe,9,14,100
